[gd_scene load_steps=83 format=3 uid="uid://d25ivxqix60bc"]

[ext_resource type="PackedScene" uid="uid://c8l60rnugru40" path="res://addons/godot-xr-tools/objects/pickable.tscn" id="1_nttpw"]
[ext_resource type="Script" path="res://scripts/system_collision_shape.gd" id="2_hoq6b"]
[ext_resource type="PackedScene" uid="uid://bxg7qliyo1b16" path="res://scenes/body.tscn" id="2_wjxkg"]
[ext_resource type="PackedScene" uid="uid://dw7pxoybt2j6p" path="res://scenes/body_selection.tscn" id="3_cwcqk"]
[ext_resource type="Texture2D" uid="uid://djljkkp7wg3fr" path="res://textures/pictures/sun.jpg" id="4_eq1ll"]
[ext_resource type="Texture2D" uid="uid://1de0dhntf5oe" path="res://textures/bodies/sun.jpg" id="4_pejri"]
[ext_resource type="PackedScene" uid="uid://del47qxgxnctx" path="res://scenes/body_area.tscn" id="5_nucrf"]
[ext_resource type="Script" path="res://scripts/sun_light.gd" id="6_mwi5q"]
[ext_resource type="Texture2D" uid="uid://dpeh45xdjnauq" path="res://textures/bodies/mercury.jpg" id="8_m5lvy"]
[ext_resource type="Texture2D" uid="uid://dlioslxer2edv" path="res://textures/bodies/venus.jpg" id="9_e3ie1"]
[ext_resource type="Texture2D" uid="uid://bvxxwc74xf2ow" path="res://textures/pictures/mercury.jpg" id="9_mnls2"]
[ext_resource type="Texture2D" uid="uid://dn0i616gdwmcd" path="res://textures/bodies/earth.jpg" id="10_fpv51"]
[ext_resource type="Texture2D" uid="uid://dpr0yjaiynrmr" path="res://textures/bodies/moon.jpg" id="11_4wbh5"]
[ext_resource type="Texture2D" uid="uid://dlvvxn1nmhh4p" path="res://textures/pictures/venus.jpg" id="11_w3orm"]
[ext_resource type="Texture2D" uid="uid://cm7xplgoqelf1" path="res://textures/pictures/earth.jpg" id="13_6imsl"]
[ext_resource type="Texture2D" uid="uid://btkua421jvsar" path="res://textures/pictures/moon.jpg" id="15_1fufj"]
[ext_resource type="Texture2D" uid="uid://ci4gry4fe8ihu" path="res://textures/bodies/earth_clouds.jpg" id="15_5d55y"]
[ext_resource type="Texture2D" uid="uid://1s3b5gbtwjv7" path="res://textures/bodies/earth_normal.jpg" id="15_psxxb"]
[ext_resource type="Texture2D" uid="uid://baw5econhkdw4" path="res://textures/bodies/mars.jpg" id="18_e1rjy"]
[ext_resource type="Texture2D" uid="uid://bjvrt50tnvpdx" path="res://textures/pictures/mars.jpg" id="19_h8ttk"]
[ext_resource type="Texture2D" uid="uid://c7annpgm8qo4i" path="res://textures/pictures/jupiter.jpg" id="19_vjare"]
[ext_resource type="Texture2D" uid="uid://dd3kl0g66mdtn" path="res://textures/bodies/jupiter.jpg" id="20_n6tlb"]
[ext_resource type="Texture2D" uid="uid://cwtkew4nsly4j" path="res://textures/pictures/saturn.jpg" id="21_gejy7"]
[ext_resource type="Texture2D" uid="uid://c4qikcget3e5p" path="res://textures/bodies/saturn.jpg" id="22_b1n1h"]
[ext_resource type="Texture2D" uid="uid://dmuqakd4ny86i" path="res://textures/bodies/saturn_rings.png" id="23_yc77p"]
[ext_resource type="Texture2D" uid="uid://ddfa806gbnb06" path="res://textures/bodies/uranus.jpg" id="25_aiwlm"]
[ext_resource type="Texture2D" uid="uid://cduo1lfctcvkc" path="res://textures/pictures/uranus.jpg" id="26_rh38k"]
[ext_resource type="Texture2D" uid="uid://co51nb1orrcys" path="res://textures/bodies/neptune.jpg" id="27_f04sc"]
[ext_resource type="Texture2D" uid="uid://c4xahojaql0rc" path="res://textures/pictures/neptune.jpg" id="28_3pygx"]
[ext_resource type="Texture2D" uid="uid://binliemp0gw5f" path="res://textures/pictures/pluto.jpg" id="28_o5ipf"]
[ext_resource type="Texture2D" uid="uid://byx0cxp2ruvfu" path="res://textures/bodies/pluto.jpg" id="29_y38en"]

[sub_resource type="SphereShape3D" id="SphereShape3D_yrn17"]
radius = 44.0

[sub_resource type="SphereMesh" id="SphereMesh_yhy8b"]
radius = 3.482
height = 6.963

[sub_resource type="StandardMaterial3D" id="StandardMaterial3D_lcw7w"]
albedo_texture = ExtResource("4_pejri")
emission_enabled = true
emission = Color(0.701961, 0.701961, 0.701961, 1)
emission_texture = ExtResource("4_pejri")

[sub_resource type="SphereMesh" id="SphereMesh_0ebod"]
material = SubResource("StandardMaterial3D_lcw7w")
radius = 3.482
height = 6.963

[sub_resource type="SphereShape3D" id="SphereShape3D_curjq"]
radius = 3.482

[sub_resource type="SphereMesh" id="SphereMesh_llkbt"]
radius = 0.012
height = 0.024

[sub_resource type="StandardMaterial3D" id="StandardMaterial3D_hsacj"]
albedo_texture = ExtResource("8_m5lvy")

[sub_resource type="SphereMesh" id="SphereMesh_xkeb7"]
material = SubResource("StandardMaterial3D_hsacj")
radius = 0.012
height = 0.024

[sub_resource type="SphereShape3D" id="SphereShape3D_c43w5"]
radius = 0.012

[sub_resource type="SphereMesh" id="SphereMesh_ra271"]
radius = 0.03
height = 0.061

[sub_resource type="StandardMaterial3D" id="StandardMaterial3D_57ff2"]
albedo_texture = ExtResource("9_e3ie1")

[sub_resource type="SphereMesh" id="SphereMesh_3ukhf"]
material = SubResource("StandardMaterial3D_57ff2")
radius = 0.03
height = 0.061

[sub_resource type="SphereShape3D" id="SphereShape3D_ev4h1"]
radius = 0.03

[sub_resource type="SphereMesh" id="SphereMesh_8p87a"]
radius = 0.032
height = 0.064

[sub_resource type="StandardMaterial3D" id="StandardMaterial3D_mgnv7"]
albedo_texture = ExtResource("10_fpv51")
normal_enabled = true
normal_scale = 0.25
normal_texture = ExtResource("15_psxxb")

[sub_resource type="SphereMesh" id="SphereMesh_fprpx"]
material = SubResource("StandardMaterial3D_mgnv7")
radius = 0.032
height = 0.064

[sub_resource type="StandardMaterial3D" id="StandardMaterial3D_0wq0r"]
transparency = 1
blend_mode = 1
albedo_texture = ExtResource("15_5d55y")

[sub_resource type="SphereMesh" id="SphereMesh_l4spq"]
material = SubResource("StandardMaterial3D_0wq0r")
radius = 0.033
height = 0.065

[sub_resource type="SphereShape3D" id="SphereShape3D_71fgl"]
radius = 0.032

[sub_resource type="SphereMesh" id="SphereMesh_6lngk"]
radius = 0.009
height = 0.017

[sub_resource type="StandardMaterial3D" id="StandardMaterial3D_yuo56"]
albedo_texture = ExtResource("11_4wbh5")

[sub_resource type="SphereMesh" id="SphereMesh_0n8yv"]
material = SubResource("StandardMaterial3D_yuo56")
radius = 0.009
height = 0.017

[sub_resource type="SphereShape3D" id="SphereShape3D_op5jb"]
radius = 0.009

[sub_resource type="SphereMesh" id="SphereMesh_v4nvx"]
radius = 0.017
height = 0.034

[sub_resource type="StandardMaterial3D" id="StandardMaterial3D_oeowk"]
albedo_texture = ExtResource("18_e1rjy")

[sub_resource type="SphereMesh" id="SphereMesh_agcks"]
material = SubResource("StandardMaterial3D_oeowk")
radius = 0.017
height = 0.034

[sub_resource type="SphereShape3D" id="SphereShape3D_wyufv"]
radius = 0.017

[sub_resource type="SphereMesh" id="SphereMesh_0hugi"]
radius = 0.35
height = 0.654

[sub_resource type="StandardMaterial3D" id="StandardMaterial3D_7i071"]
albedo_texture = ExtResource("20_n6tlb")

[sub_resource type="SphereMesh" id="SphereMesh_8gc38"]
material = SubResource("StandardMaterial3D_7i071")
radius = 0.35
height = 0.654

[sub_resource type="SphereShape3D" id="SphereShape3D_onbid"]
radius = 0.35

[sub_resource type="SphereMesh" id="SphereMesh_4nrcn"]
radius = 0.291
height = 0.525

[sub_resource type="TorusMesh" id="TorusMesh_slk3c"]
inner_radius = 0.365
outer_radius = 0.849
ring_segments = 3

[sub_resource type="StandardMaterial3D" id="StandardMaterial3D_f7b6y"]
albedo_texture = ExtResource("22_b1n1h")

[sub_resource type="SphereMesh" id="SphereMesh_8y4u5"]
material = SubResource("StandardMaterial3D_f7b6y")
radius = 0.291
height = 0.525

[sub_resource type="StandardMaterial3D" id="StandardMaterial3D_6i68p"]
transparency = 1
albedo_texture = ExtResource("23_yc77p")

[sub_resource type="TorusMesh" id="TorusMesh_glt5e"]
material = SubResource("StandardMaterial3D_6i68p")
inner_radius = 0.365
outer_radius = 0.849
ring_segments = 3

[sub_resource type="SphereShape3D" id="SphereShape3D_a6b1s"]

[sub_resource type="CylinderShape3D" id="CylinderShape3D_apscf"]
height = 0.01
radius = 0.75

[sub_resource type="SphereMesh" id="SphereMesh_adq7n"]
radius = 0.127
height = 0.248

[sub_resource type="StandardMaterial3D" id="StandardMaterial3D_djepl"]
albedo_texture = ExtResource("25_aiwlm")

[sub_resource type="SphereMesh" id="SphereMesh_3jyr0"]
material = SubResource("StandardMaterial3D_djepl")
radius = 0.127
height = 0.248

[sub_resource type="SphereShape3D" id="SphereShape3D_njgux"]
radius = 0.127

[sub_resource type="SphereMesh" id="SphereMesh_1fbt8"]
radius = 0.123
height = 0.242

[sub_resource type="StandardMaterial3D" id="StandardMaterial3D_8xtsu"]
albedo_texture = ExtResource("27_f04sc")

[sub_resource type="SphereMesh" id="SphereMesh_58kai"]
material = SubResource("StandardMaterial3D_8xtsu")
radius = 0.123
height = 0.242

[sub_resource type="SphereShape3D" id="SphereShape3D_7w1ce"]
radius = 0.123

[sub_resource type="SphereMesh" id="SphereMesh_sml37"]
radius = 0.006
height = 0.012

[sub_resource type="StandardMaterial3D" id="StandardMaterial3D_n4qjb"]
albedo_texture = ExtResource("29_y38en")

[sub_resource type="SphereMesh" id="SphereMesh_kxy6g"]
material = SubResource("StandardMaterial3D_n4qjb")
radius = 0.006
height = 0.012

[sub_resource type="SphereShape3D" id="SphereShape3D_efcn6"]
radius = 0.006

[node name="System" instance=ExtResource("1_nttpw")]
collision_mask = 65540
gravity_scale = 0.0
release_mode = 1

[node name="CollisionShape3D" parent="." index="0"]
shape = SubResource("SphereShape3D_yrn17")
script = ExtResource("2_hoq6b")

[node name="Sun" parent="." index="1" instance=ExtResource("2_wjxkg")]
picture = ExtResource("4_eq1ll")
body_name = "SUN_NAME"
description = "SUN_DESCRIPTION"
info_rotation_period = 27.0
radius = 696300.0
mass = 1.9885e+12
surface_gravity = 274.0
average_surface_temperature = 5499.0
rotation_period = 27.0
metadata/_edit_group_ = true

[node name="BodySelection" parent="Sun" index="0" instance=ExtResource("3_cwcqk")]
transform = Transform3D(1, 0, 0, 0, 0.991894, -0.127065, 0, 0.127065, 0.991894, 0, 0, 0)
visible = false
mesh = SubResource("SphereMesh_yhy8b")

[node name="MeshInstance3D" type="MeshInstance3D" parent="Sun" index="1"]
transform = Transform3D(1, 0, 0, 0, 0.991894, -0.127065, 0, 0.127065, 0.991894, 0, 0, 0)
mesh = SubResource("SphereMesh_0ebod")

[node name="BodyArea" parent="Sun" index="2" instance=ExtResource("5_nucrf")]
transform = Transform3D(1, 0, 0, 0, 0.991894, -0.127065, 0, 0.127065, 0.991894, 0, 0, 0)

[node name="CollisionShape3D" type="CollisionShape3D" parent="Sun/BodyArea" index="0"]
shape = SubResource("SphereShape3D_curjq")

[node name="Light" type="OmniLight3D" parent="Sun" index="3"]
light_energy = 10.0
light_size = 1.0
omni_range = 44.0
script = ExtResource("6_mwi5q")

[node name="Mercury" parent="." index="2" node_paths=PackedStringArray("parent") instance=ExtResource("2_wjxkg")]
transform = Transform3D(1, 0, 0, 0, 1, 0, 0, 0, 1, 0, 0, 8)
picture = ExtResource("9_mnls2")
body_name = "MERCURY_NAME"
type = 1
description = "MERCURY_DESCRIPTION"
average_orbital_distance = 5.8e+07
info_orbital_period = 88.0
info_rotation_period = 176.0
radius = 2440.0
mass = 330110.0
surface_gravity = 3.7
average_surface_temperature = 167.0
parent = NodePath("../Sun")
orbital_distance = 8.0
orbital_period = 88.0
initial_orbital_angle = -2.402
rotation_period = 176.0
metadata/_edit_group_ = true

[node name="BodySelection" parent="Mercury" index="0" instance=ExtResource("3_cwcqk")]
transform = Transform3D(1, 0, 0, 0, 0.999998, -0.00174533, 0, 0.00174533, 0.999998, 0, 0, 0)
visible = false
mesh = SubResource("SphereMesh_llkbt")

[node name="MeshInstance3D" type="MeshInstance3D" parent="Mercury" index="1"]
transform = Transform3D(1, 0, 0, 0, 0.999998, -0.00174533, 0, 0.00174533, 0.999998, 0, 0, 0)
mesh = SubResource("SphereMesh_xkeb7")

[node name="BodyArea" parent="Mercury" index="2" instance=ExtResource("5_nucrf")]
transform = Transform3D(1, 0, 0, 0, 0.999998, -0.00174533, 0, 0.00174533, 0.999998, 0, 0, 0)

[node name="CollisionShape3D" type="CollisionShape3D" parent="Mercury/BodyArea" index="0"]
shape = SubResource("SphereShape3D_c43w5")

[node name="Venus" parent="." index="3" node_paths=PackedStringArray("parent") instance=ExtResource("2_wjxkg")]
transform = Transform3D(1, 0, 0, 0, 1, 0, 0, 0, 1, 0, 0, 12)
picture = ExtResource("11_w3orm")
body_name = "VENUS_NAME"
type = 1
description = "VENUS_DESCRIPTION"
average_orbital_distance = 1.08e+08
info_orbital_period = 225.0
info_rotation_period = -117.0
radius = 6052.0
mass = 4.8675e+06
surface_gravity = 8.87
average_surface_temperature = 465.0
parent = NodePath("../Sun")
orbital_distance = 12.0
orbital_period = 225.0
initial_orbital_angle = -0.026
rotation_period = 117.0
metadata/_edit_group_ = true

[node name="BodySelection" parent="Venus" index="0" instance=ExtResource("3_cwcqk")]
transform = Transform3D(1, 0, 0, 0, -0.99863, -0.052336, 0, 0.052336, -0.99863, 0, 0, 0)
visible = false
mesh = SubResource("SphereMesh_ra271")

[node name="MeshInstance3D" type="MeshInstance3D" parent="Venus" index="1"]
transform = Transform3D(1, 0, 0, 0, -0.99863, -0.052336, 0, 0.052336, -0.99863, 0, 0, 0)
mesh = SubResource("SphereMesh_3ukhf")

[node name="BodyArea" parent="Venus" index="2" instance=ExtResource("5_nucrf")]
transform = Transform3D(1, 0, 0, 0, -0.99863, -0.052336, 0, 0.052336, -0.99863, 0, 0, 0)

[node name="CollisionShape3D" type="CollisionShape3D" parent="Venus/BodyArea" index="0"]
shape = SubResource("SphereShape3D_ev4h1")

[node name="Earth" parent="." index="4" node_paths=PackedStringArray("parent") instance=ExtResource("2_wjxkg")]
transform = Transform3D(1, 0, 0, 0, 1, 0, 0, 0, 1, 0, 0, 16)
picture = ExtResource("13_6imsl")
body_name = "EARTH_NAME"
type = 1
description = "EARTH_DESCRIPTION"
average_orbital_distance = 1.5e+08
info_orbital_period = 365.0
info_rotation_period = 1.0
radius = 6371.0
mass = 5.97217e+06
surface_gravity = 9.1
average_surface_temperature = 15.0
parent = NodePath("../Sun")
orbital_distance = 16.0
orbital_period = 365.0
initial_orbital_angle = -2.643
rotation_period = 1.0
metadata/_edit_group_ = true

[node name="BodySelection" parent="Earth" index="0" instance=ExtResource("3_cwcqk")]
transform = Transform3D(1, 0, 0, 0, 0.920505, -0.390731, 0, 0.390731, 0.920505, 0, 0, 0)
visible = false
mesh = SubResource("SphereMesh_8p87a")

[node name="Body" type="MeshInstance3D" parent="Earth" index="1"]
transform = Transform3D(1, 0, 0, 0, 0.920505, -0.390731, 0, 0.390731, 0.920505, 0, 0, 0)
mesh = SubResource("SphereMesh_fprpx")

[node name="Clouds" type="MeshInstance3D" parent="Earth" index="2"]
transform = Transform3D(1, 0, 0, 0, 0.920505, -0.390731, 0, 0.390731, 0.920505, 0, 0, 0)
mesh = SubResource("SphereMesh_l4spq")

[node name="BodyArea" parent="Earth" index="3" instance=ExtResource("5_nucrf")]
transform = Transform3D(1, 0, 0, 0, 0.920505, -0.390731, 0, 0.390731, 0.920505, 0, 0, 0)

[node name="CollisionShape3D" type="CollisionShape3D" parent="Earth/BodyArea" index="0"]
shape = SubResource("SphereShape3D_71fgl")

[node name="Moon" parent="." index="5" node_paths=PackedStringArray("parent") instance=ExtResource("2_wjxkg")]
transform = Transform3D(1, 0, 0, 0, 1, 0, 0, 0, 1, 0, 0, 17)
picture = ExtResource("15_1fufj")
body_name = "MOON_NAME"
type = 3
description = "MOON_DESCRIPTION"
average_orbital_distance = 384400.0
info_orbital_period = 27.0
info_rotation_period = 29.53
radius = 1737.4
mass = 73420.0
surface_gravity = 1.622
average_surface_temperature = -15.0
parent = NodePath("../Earth")
orbital_distance = 1.0
orbital_period = 27.0
initial_orbital_angle = 2.507
rotation_period = 29.53
metadata/_edit_group_ = true

[node name="BodySelection" parent="Moon" index="0" instance=ExtResource("3_cwcqk")]
transform = Transform3D(1, 0, 0, 0, 0.996041, -0.0888943, 0, 0.0888943, 0.996041, 0, 0, 0)
visible = false
mesh = SubResource("SphereMesh_6lngk")

[node name="MeshInstance3D" type="MeshInstance3D" parent="Moon" index="1"]
transform = Transform3D(1, 0, 0, 0, 0.996041, -0.0888943, 0, 0.0888943, 0.996041, 0, 0, 0)
mesh = SubResource("SphereMesh_0n8yv")

[node name="BodyArea" parent="Moon" index="2" instance=ExtResource("5_nucrf")]
transform = Transform3D(1, 0, 0, 0, 0.996041, -0.0888943, 0, 0.0888943, 0.996041, 0, 0, 0)

[node name="CollisionShape3D" type="CollisionShape3D" parent="Moon/BodyArea" index="0"]
shape = SubResource("SphereShape3D_op5jb")

[node name="Mars" parent="." index="6" node_paths=PackedStringArray("parent") instance=ExtResource("2_wjxkg")]
transform = Transform3D(1, 0, 0, 0, 1, 0, 0, 0, 1, 0, 0, 20)
picture = ExtResource("19_h8ttk")
body_name = "MARS_NAME"
type = 1
description = "MARS_DESCRIPTION"
average_orbital_distance = 2.3e+08
info_orbital_period = 687.0
info_rotation_period = 1.027
radius = 3390.0
mass = 641710.0
surface_gravity = 3.721
average_surface_temperature = -60.0
parent = NodePath("../Sun")
orbital_distance = 20.0
orbital_period = 687.0
initial_orbital_angle = -0.624
rotation_period = 1.027
metadata/_edit_group_ = true

[node name="BodySelection" parent="Mars" index="0" instance=ExtResource("3_cwcqk")]
transform = Transform3D(1, 0, 0, 0, 0.906308, -0.422618, 0, 0.422618, 0.906308, 0, 0, 0)
visible = false
mesh = SubResource("SphereMesh_v4nvx")

[node name="MeshInstance3D" type="MeshInstance3D" parent="Mars" index="1"]
transform = Transform3D(1, 0, 0, 0, 0.906308, -0.422618, 0, 0.422618, 0.906308, 0, 0, 0)
mesh = SubResource("SphereMesh_agcks")

[node name="BodyArea" parent="Mars" index="2" instance=ExtResource("5_nucrf")]
transform = Transform3D(1, 0, 0, 0, 0.906308, -0.422618, 0, 0.422618, 0.906308, 0, 0, 0)

[node name="CollisionShape3D" type="CollisionShape3D" parent="Mars/BodyArea" index="0"]
shape = SubResource("SphereShape3D_wyufv")

[node name="Jupiter" parent="." index="7" node_paths=PackedStringArray("parent") instance=ExtResource("2_wjxkg")]
transform = Transform3D(1, 0, 0, 0, 1, 0, 0, 0, 1, 0, 0, 24)
picture = ExtResource("19_vjare")
body_name = "JUPITER_NAME"
type = 1
description = "JUPITER_DESCRIPTION"
average_orbital_distance = 7.78e+08
info_orbital_period = 4332.59
info_rotation_period = 0.414
radius = 69911.0
mass = 1.8982e+09
surface_gravity = 24.79
average_surface_temperature = -108.0
parent = NodePath("../Sun")
orbital_distance = 24.0
orbital_period = 4332.59
initial_orbital_angle = 0.966
rotation_period = 0.414
metadata/_edit_group_ = true

[node name="BodySelection" parent="Jupiter" index="0" instance=ExtResource("3_cwcqk")]
transform = Transform3D(1, 0, 0, 0, 0.99863, -0.052336, 0, 0.052336, 0.99863, 0, 0, 0)
visible = false
mesh = SubResource("SphereMesh_0hugi")

[node name="MeshInstance3D" type="MeshInstance3D" parent="Jupiter" index="1"]
transform = Transform3D(1, 0, 0, 0, 0.99863, -0.052336, 0, 0.052336, 0.99863, 0, 0, 0)
mesh = SubResource("SphereMesh_8gc38")

[node name="BodyArea" parent="Jupiter" index="2" instance=ExtResource("5_nucrf")]
transform = Transform3D(1, 0, 0, 0, 0.99863, -0.052336, 0, 0.052336, 0.99863, 0, 0, 0)

[node name="CollisionShape3D" type="CollisionShape3D" parent="Jupiter/BodyArea" index="0"]
shape = SubResource("SphereShape3D_onbid")

[node name="Saturn" parent="." index="8" node_paths=PackedStringArray("parent") instance=ExtResource("2_wjxkg")]
transform = Transform3D(1, 0, 0, 0, 1, 0, 0, 0, 1, 0, 0, 28)
picture = ExtResource("21_gejy7")
body_name = "SATURN_NAME"
type = 1
description = "SATURN_DESCRIPTION"
average_orbital_distance = 1.4e+09
info_orbital_period = 10755.7
info_rotation_period = 0.439
radius = 58232.0
mass = 5.6834e+08
surface_gravity = 10.44
average_surface_temperature = -143.0
parent = NodePath("../Sun")
orbital_distance = 28.0
orbital_period = 10755.7
initial_orbital_angle = -0.329
rotation_period = 0.439
metadata/_edit_group_ = true

[node name="BodySelection" parent="Saturn" index="0" instance=ExtResource("3_cwcqk")]
transform = Transform3D(1, 0, 0, 0, 0.891007, -0.453991, 0, 0.453991, 0.891007, 0, 0, 0)
visible = false
mesh = SubResource("SphereMesh_4nrcn")

[node name="RingsSelection" parent="Saturn" index="1" instance=ExtResource("3_cwcqk")]
transform = Transform3D(1, 0, 0, 0, 0.00891007, -0.453991, 0, 0.00453991, 0.891007, 0, 0, 0)
visible = false
mesh = SubResource("TorusMesh_slk3c")

[node name="Body" type="MeshInstance3D" parent="Saturn" index="2"]
transform = Transform3D(1, 0, 0, 0, 0.891007, -0.453991, 0, 0.453991, 0.891007, 0, 0, 0)
mesh = SubResource("SphereMesh_8y4u5")

[node name="Rings" type="MeshInstance3D" parent="Saturn" index="3"]
transform = Transform3D(1, 0, 0, 0, 0.00891007, -0.453991, 0, 0.00453991, 0.891007, 0, 0, 0)
mesh = SubResource("TorusMesh_glt5e")
skeleton = NodePath("../Body")

[node name="BodyArea" parent="Saturn" index="4" instance=ExtResource("5_nucrf")]
transform = Transform3D(1, 0, 0, 0, 0.891007, -0.453991, 0, 0.453991, 0.891007, 0, 0, 0)

[node name="Body" type="CollisionShape3D" parent="Saturn/BodyArea" index="0"]
shape = SubResource("SphereShape3D_a6b1s")

[node name="Rings" type="CollisionShape3D" parent="Saturn/BodyArea" index="1"]
shape = SubResource("CylinderShape3D_apscf")

[node name="Uranus" parent="." index="9" node_paths=PackedStringArray("parent") instance=ExtResource("2_wjxkg")]
transform = Transform3D(1, 0, 0, 0, 1, 0, 0, 0, 1, 0, 0, 32)
picture = ExtResource("26_rh38k")
body_name = "URANUS_NAME"
type = 1
description = "URANUS_DESCRIPTION"
average_orbital_distance = 3e+09
info_orbital_period = 30688.5
info_rotation_period = -0.718
radius = 25362.0
mass = 8.681e+07
surface_gravity = 8.69
average_surface_temperature = -195.0
parent = NodePath("../Sun")
orbital_distance = 32.0
orbital_period = 30688.5
initial_orbital_angle = 0.918
rotation_period = 0.718
metadata/_edit_group_ = true

[node name="BodySelection" parent="Uranus" index="0" instance=ExtResource("3_cwcqk")]
transform = Transform3D(1, 0, 0, 0, -0.139173, -0.990268, 0, 0.990268, -0.139173, 0, 0, 0)
visible = false
mesh = SubResource("SphereMesh_adq7n")

[node name="MeshInstance3D" type="MeshInstance3D" parent="Uranus" index="1"]
transform = Transform3D(1, 0, 0, 0, -0.139173, -0.990268, 0, 0.990268, -0.139173, 0, 0, 0)
mesh = SubResource("SphereMesh_3jyr0")

[node name="BodyArea" parent="Uranus" index="2" instance=ExtResource("5_nucrf")]
transform = Transform3D(1, 0, 0, 0, -0.139173, -0.990268, 0, 0.990268, -0.139173, 0, 0, 0)

[node name="CollisionShape3D" type="CollisionShape3D" parent="Uranus/BodyArea" index="0"]
shape = SubResource("SphereShape3D_njgux")

[node name="Neptune" parent="." index="10" node_paths=PackedStringArray("parent") instance=ExtResource("2_wjxkg")]
transform = Transform3D(1, 0, 0, 0, 1, 0, 0, 0, 1, 0, 0, 36)
picture = ExtResource("28_3pygx")
body_name = "NEPTUNE_NAME"
type = 1
description = "NEPTUNE_DESCRIPTION"
average_orbital_distance = 4.5e+09
info_orbital_period = 60195.0
info_rotation_period = 0.671
radius = 24622.0
mass = 1.02409e+08
surface_gravity = 11.15
average_surface_temperature = -214.0
parent = NodePath("../Sun")
orbital_distance = 36.0
orbital_period = 60195.0
initial_orbital_angle = -0.049
rotation_period = 0.671
metadata/_edit_group_ = true

[node name="BodySelection" parent="Neptune" index="0" instance=ExtResource("3_cwcqk")]
transform = Transform3D(1, 0, 0, 0, 0.866025, -0.5, 0, 0.5, 0.866025, 0, 0, 0)
visible = false
mesh = SubResource("SphereMesh_1fbt8")

[node name="MeshInstance3D" type="MeshInstance3D" parent="Neptune" index="1"]
transform = Transform3D(1, 0, 0, 0, 0.866025, -0.5, 0, 0.5, 0.866025, 0, 0, 0)
mesh = SubResource("SphereMesh_58kai")

[node name="BodyArea" parent="Neptune" index="2" instance=ExtResource("5_nucrf")]
transform = Transform3D(1, 0, 0, 0, 0.866025, -0.5, 0, 0.5, 0.866025, 0, 0, 0)

[node name="CollisionShape3D" type="CollisionShape3D" parent="Neptune/BodyArea" index="0"]
shape = SubResource("SphereShape3D_7w1ce")

[node name="Pluto" parent="." index="11" node_paths=PackedStringArray("parent") instance=ExtResource("2_wjxkg")]
transform = Transform3D(1, 0, 0, 0, 1, 0, 0, 0, 1, 0, 0, 40)
picture = ExtResource("28_o5ipf")
body_name = "PLUTO_NAME"
type = 2
description = "PLUTO_DESCRIPTION"
average_orbital_distance = 5.9e+09
info_orbital_period = 90560.0
info_rotation_period = -6.387
radius = 1188.3
mass = 13030.0
surface_gravity = 0.62
average_surface_temperature = -232.0
parent = NodePath("../Sun")
orbital_distance = 40.0
orbital_period = 90560.0
initial_orbital_angle = -1.044
rotation_period = 6.387
metadata/_edit_group_ = true

[node name="BodySelection" parent="Pluto" index="0" instance=ExtResource("3_cwcqk")]
transform = Transform3D(1, 0, 0, 0, -0.5, -0.866025, 0, 0.866025, -0.5, 0, 0, 0)
visible = false
mesh = SubResource("SphereMesh_sml37")

[node name="MeshInstance3D" type="MeshInstance3D" parent="Pluto" index="1"]
transform = Transform3D(1, 0, 0, 0, -0.5, -0.866025, 0, 0.866025, -0.5, 0, 0, 0)
mesh = SubResource("SphereMesh_kxy6g")

[node name="BodyArea" parent="Pluto" index="2" instance=ExtResource("5_nucrf")]
transform = Transform3D(1, 0, 0, 0, -0.5, -0.866025, 0, 0.866025, -0.5, 0, 0, 0)

[node name="CollisionShape3D" type="CollisionShape3D" parent="Pluto/BodyArea" index="0"]
shape = SubResource("SphereShape3D_efcn6")
